%YAML:1.0
cameraMatrix: !!opencv-matrix
   rows: 3
   cols: 3
   dt: d
   data: [ 1.0611857069463470e+003, 0., 2.5537433051694507e+002, 0.,
       1.0589285340110584e+003, 3.1179217552802572e+002, 0., 0., 1. ]
