%YAML:1.0
distortionCoefficients: !!opencv-matrix
   rows: 5
   cols: 1
   dt: d
   data: [ -1.3854281964262155e-001, 1.2198388691142921e+000,
       3.3253440468673954e-003, 9.3352547076106169e-004,
       -2.9024524127758742e+000 ]
